((("fbuf" .
   [1 0 0 0])
  ("width" .
   [1 0 0 0 0])
  ("ADDR_INT_VBlank" .
   [0 0 0 0 1 0 0 0 0 0 0 0 0 0 0])
  ("ADDR_INT_LCDSTAT_Int" .
   [0 0 0 0 0 0 0 0 0 1 0 0 0 0 0 0 0 0 0 0])
  ("ADDR_INT_Timer_Overflow" .
   [0 0 0 0 0 0 0 0 0 1 0 0 0 0 0 0 0 0 0 0 0 0 0])
  ("ADDR_INT_End_Serial_IO_Transfer" .
   [0 0 0 0 0 0 0 0 0 0 1 0 0 0 0 0 0 0 0 0 0 0 0 0 0 0 0 0 0 0 0])
  ("ADDR_INT_High_to_Low_P10_P13" .
   [0 0 0 0 0 0 0 0 0 0 1 0 0 0 0 0 0 0 0 0 0 0 0 0 0 0 0 0])
  ("IO_IENABLE" .
   [2 0 0 0 0 0 1 0 0 0])
  ("mem_dump_io_regs" .
   [0 0 0 0 0 0 0 0 1 0 0 0 0 0 0 0])
  ("cpu_step" .
   [0 0 0 1 0 1 0 0])
  ("com_step" .
   [0 0 0 0 1 0 0 0])
  ("com" .
   [1 0 0])
  ("arg_a" .
   [1 0 0 0 0])
  ("include" .
   [2 0 0 0 0 0 0])
  ("NONE" .
   [1 0 0 0])
  ("mem_read_8" .
   [1 0 0 0 0 0 1 0 0 0])
  ("mem_write_8" .
   [1 0 0 0 0 1 1 0 0 0 0])
  ("regs" .
   [6 0 0 0])
  ("SP" .
   [1 0])
  ("0x00FF" .
   [1 0 0 0 0 0])
  ("0xFF" .
   [4 0 0 0])
  ("uint8_t" .
   [3 0 0 0 1 0 0])
  ("0xFF00" .
   [1 0 0 0 0 0])
  ("AF" .
   [2 0])
  ("0xF0" .
   [1 0 0 0])
  ("uint16_t" .
   [3 0 0 0 0 0 0 0])
  ("get_flag" .
   [3 0 1 6 4 1 0 0])
  ("H_FLAG" .
   [3 0 2 1 2 0])
  ("0x06" .
   [4 0 0 0])
  ("0x00" .
   [5 0 0 0])
  ("0x7" .
   [1 0 0])
  ("0x60" .
   [4 0 0 0])
  ("N_FLAG" .
   [0 0 2 0 0 0])
  ("corr" .
   [5 0 0 0])
  ("0x0F" .
   [5 0 0 0])
  ("0x09" .
   [1 0 0 0])
  ("0x99" .
   [3 0 0 0])
  ("set_flag" .
   [3 0 0 0 0 0 1 0])
  ("C_FLAG" .
   [4 0 2 2 1 0])
  ("test_op_xor" .
   [1 0 0 0 0 0 0 0 0 0 0])
  ("0xEE" .
   [2 0 0 0])
  ("set_A" .
   [1 0 0 0 0])
  ("0xCC" .
   [2 0 0 0])
  ("ass_A" .
   [1 0 0 0 0])
  ("0x22" .
   [1 0 0 0])
  ("ass_flagsZNHC" .
   [0 0 0 0 0 0 1 0 0 0 0 0 0])
  ("0x9F" .
   [2 0 0 0])
  ("0x05" .
   [1 0 0 0])
  ("set_flag_Z" .
   [1 0 0 0 0 0 0 0 0 0])
  ("a_cpy" .
   [10 0 0 0 0])
  ("PC" .
   [1 0])
  ("mm" .
   [1 0])
  ("0xCE" .
   [1 0 0 0])
  ("state" .
   [1 0 0 0 0])
  ("DBG_IDLE" .
   [0 0 0 0 1 0 0 0])
  ("printf" .
   [1 0 0 0 0 0])
  ("assert" .
   [3 0 0 0 0 0])
  ("cpu_dump_reg" .
   [0 0 0 0 1 0 0 0 0 0 0 0])
  ("0x07" .
   [1 0 0 0])
  ("b7" .
   [1 0])
  ("Z_FLAG" .
   [2 0 1 0 0 0])
  ("0x100" .
   [3 0 0 0 0])
  ("0x0" .
   [1 0 0])
  ("0x61" .
   [1 0 0 0])
  ("0x10" .
   [1 0 0 0])))
